Webots Project File version R2021a
perspectives: 000000ff00000000fd00000003000000000000027c000003b6fc0100000002fb0000001e00480074006d006c0052006f0062006f007400570069006e0064006f007700000000000000027c0000000000000000fb0000001a0044006f00630075006d0065006e0074006100740069006f006e0000000000ffffffff0000006900ffffff000000010000032f0000026efc0200000001fb0000001400540065007800740045006400690074006f0072010000001a0000026e0000008700ffffff000000030000078000000146fc0100000001fb0000001a0043006f006e0073006f006c00650041006c006c0041006c006c0100000000000007800000006900ffffff0000044f0000026e00000001000000020000000100000008fc00000000
simulationViewPerspectives: 000000ff0000000100000002000001d8000002e50100000002010000000100
sceneTreePerspectives: 000000ff0000000100000002000000c0000000fa0100000002010000000200
maximizedDockId: -1
centralWidgetVisible: 1
orthographicViewHeight: 1
textFiles: 0 "controllers/final_one_python/final_one_python.py" "controllers/final_one_python/python_test.py"
globalOptionalRendering: DistanceSensorRays::CoordinateSystem
consoles: Console:All:All
renderingDevicePerspectives: robot:camera;1;0.451563;0.00584795;0
